Fake Fish Survey Data
102
IBTS_Q1_gam
1983 2014
1 1 0.125 0.125
1 5
1 17265.6473421429 25148.0191217533 2814.80510379513 381.464225160301 451.407865961703
1 34847.6550609562 18435.606571315 9806.56624651837 1312.21906553704 190.131195656783
1 23122.6146404796 65986.6712963137 5624.24060375868 2372.48323666389 500.151593047377
1 51155.9023345308 12696.7301187072 19422.2797941882 1733.86996026481 1439.79906384976
1 125279.72720053 62262.3305051451 8567.73190620844 2999.52979097881 951.59509452945
1 481457.582360966 151712.714219766 7147.97941835609 923.184919609217 1896.16177323771
1 153333.898515946 587701.527236072 17963.9278706515 2859.0463308031 553.64287943825
1 86817.3820398128 39248.8046629695 55715.8082137162 10364.0795196534 1432.4296098455
1 81461.1217074808 81327.8252791009 2504.10154021311 8611.4314192806 9816.90514429572
1 122919.76289185 62531.5812811677 7836.7442939888 1398.72782268532 8944.61025635575
1 594007.13769715 76829.4240271424 8477.96648932307 2173.87533697153 668.183831841012
1 1081172.70739175 1174046.56657155 11641.1138000022 1678.09374155244 1892.33888954909
1 97276.5991367103 1384666.39365413 226186.866001588 5275.86483099591 1165.29282532922
1 24998.6526824923 108352.343955589 168850.486418158 47043.6501430585 2149.83138817731
1 5313.61260313276 19615.733616809 8549.40906742957 94605.5461321491 33267.896211378
1 12690.4608485667 9698.04398564006 4610.81876910737 4650.78426798432 37911.200528697
1 3540.43166404653 29050.3779258386 1009.38178264252 900.185614985138 2265.62212553219
1 2306.34576225048 4560.81978776605 8072.21881357395 272.676304972095 821.082834111716
1 2742.27843704809 845.314202294694 1655.24188939532 3328.06067150683 253.58303396441
1 2307.3099116868 1208.91154280762 576.352920110984 256.511007315376 6828.07916737579
1 4564.37043161687 2012.92895346193 432.856252208754 57.4432586981209 225.109216874569
1 9521.96229458756 7144.44603117921 590.170846752225 119.966984833758 54.9085229683152
1 13726.6070237323 18301.2596068768 1535.3751345403 191.513802421819 132.347491316012
1 6450.13641561788 14368.145152197 1808.83140822055 301.012163165409 94.6232133576055
1 5808.42574435837 13861.4694225819 5216.87576111314 627.892624907945 349.988996661218
1 9810.62565343269 7680.43500170502 3271.13970020502 1442.87544486797 373.947906831648
1 1507.69065193528 7308.48964522611 1687.43864903615 245.083551732571 778.627931374624
1 221.515737474582 2246.21685811562 1869.30451991213 503.887749478198 325.946565988706
1 113.331003102641 190.187338070215 1074.38992159213 450.028151858234 344.306492860016
1 82.761829987291 156.150807582523 80.1545036913778 58.678649000684 275.657441367548
1 242.263890213198 253.116595403685 65.4235471606944 30.0569077455575 90.978263298964
1 340.068525951428 348.808964784606 19.6707024147988 7.53946696812194 15.7664710078843
IBTS_Q3_gam
1992 2014
1 1 0.625 0.625
1 4
1 102376.697915277 26292.8726198118 3298.97268030051 1181.89583559024
1 1129004.8476473 35708.3352681255 3007.01939375923 2816.30029578253
1 2167936.64067302 341378.511168872 7545.98928495527 1040.04989247132
1 173814.975314227 566934.43795121 58285.1333747057 2882.77749135146
1 30708.9292199379 35190.331675187 144289.199195687 22296.6100252702
1 14331.2508455079 10293.3895578842 6796.18446553241 50658.2173954554
1 36791.5627120532 3203.64606537961 1998.97724096113 2407.26810553223
1 10937.7805008612 16368.6311169468 774.545930669335 850.806199453574
1 2461.93846836747 1965.36599851639 2761.04010885093 197.628862007671
1 4770.87028641861 576.044519540333 1174.65728111501 1477.45973127734
1 4154.8401356014 1218.53848347756 235.715559053989 203.679390903713
1 8835.08090398492 931.563095120641 160.675296229701 130.741240346353
1 10691.792778353 3915.157157547 161.42379044765 117.313268130164
1 25994.3855825243 5689.28452728594 620.002502135023 132.265239078122
1 7951.02517297808 15072.7431002815 1119.75055674745 275.432600224171
1 15478.4086390442 3834.16238485539 3674.40390129126 649.968545371593
1 14893.9317034203 2471.52507669068 1091.41235454224 1315.69879187523
1 4361.60095823178 2396.38560702297 910.152445680378 298.387822801356
1 449.138762092896 947.441262471866 436.96922467333 283.799618797642
1 190.888902450078 163.10225823726 139.755190623035 197.506272116611
1 161.184399208386 48.8111095378065 32.8671732598293 55.7244833046388
1 369.464153972966 81.6693461052556 13.6721953534325 26.5861743898652
1 552.065913644902 222.973177095407 10.6096626547127 4.82709393438165
